[gd_scene load_steps=8 format=3 uid="uid://be2i7qpjfaeom"]

[ext_resource type="PackedScene" uid="uid://cvp3slow4hlnv" path="res://00_plane_roamer/roamer_3rd_person.tscn" id="1_4c7mn"]
[ext_resource type="Script" path="res://11_scene_Lift/elevator.gd" id="2_7aqp6"]

[sub_resource type="ProceduralSkyMaterial" id="ProceduralSkyMaterial_afooq"]

[sub_resource type="Sky" id="Sky_60bhp"]
sky_material = SubResource("ProceduralSkyMaterial_afooq")

[sub_resource type="Environment" id="Environment_tvujw"]
background_mode = 2
sky = SubResource("Sky_60bhp")

[sub_resource type="StandardMaterial3D" id="StandardMaterial3D_bvrms"]
albedo_color = Color(0.572549, 0, 0, 1)

[sub_resource type="BoxShape3D" id="BoxShape3D_nrr18"]

[node name="Lift" type="Node3D"]

[node name="WorldEnvironment" type="WorldEnvironment" parent="."]
environment = SubResource("Environment_tvujw")

[node name="DirectionalLight3D" type="DirectionalLight3D" parent="."]
transform = Transform3D(0.298837, 0.951388, -0.0745403, -0.65257, 0.260719, 0.711462, 0.696311, -0.163969, 0.69876, 3.35427, 5.35836, -5.29659)
shadow_enabled = true

[node name="Roamer3rdPerson" parent="." instance=ExtResource("1_4c7mn")]
transform = Transform3D(1, 0, 0, 0, 1, 0, 0, 0, 1, -0.567698, 1.16719, 0.376153)
collision_layer = 257

[node name="floory" type="CSGBox3D" parent="."]
transform = Transform3D(1, 0, 0, 0, 1, 0, 0, 0, 1, 0, -0.587795, 0)
use_collision = true
size = Vector3(54.4962, 1, 59.9859)

[node name="wally" type="CSGBox3D" parent="."]
transform = Transform3D(1, 0, 0, 0, 1, 0, 0, 0, 1, 0, -0.587795, 27.8573)
use_collision = true
size = Vector3(54.4962, 30.7707, 8.35894)

[node name="wally2" type="CSGBox3D" parent="."]
transform = Transform3D(1, 0, 0, 0, 1, 0, 0, 0, 1, 0, -0.587795, -26.4452)
use_collision = true
size = Vector3(54.4962, 30.7707, 8.35894)

[node name="wally3" type="CSGBox3D" parent="."]
transform = Transform3D(-0.0351611, 0, 0.999382, 0, 1, 0, -0.999382, 0, -0.0351611, 27.1344, -0.587795, -0.248625)
use_collision = true
size = Vector3(54.4962, 30.7707, 8.35894)

[node name="wally4" type="CSGBox3D" parent="."]
transform = Transform3D(-0.0351611, 0, 0.999382, 0, 1, 0, -0.999382, 0, -0.0351611, -27.1344, -0.587795, 1.66071)
use_collision = true
size = Vector3(54.4962, 30.7707, 8.35894)

[node name="button csg" type="CSGBox3D" parent="."]
transform = Transform3D(1, 0, 0, 0, 1, 0, 0, 0, 1, 20.2263, 0, -18.8605)
use_collision = true
size = Vector3(5, 1, 5)
material = SubResource("StandardMaterial3D_bvrms")

[node name="Area3D" type="Area3D" parent="button csg"]
collision_layer = 0
collision_mask = 256
monitorable = false

[node name="CollisionShape3D" type="CollisionShape3D" parent="button csg/Area3D"]
transform = Transform3D(4.45193, 0, 0, 0, 4.45193, 0, 0, 0, 4.45193, 0, -1.41506, 0)
shape = SubResource("BoxShape3D_nrr18")

[node name="elevator" type="CSGBox3D" parent="." node_paths=PackedStringArray("button_area")]
transform = Transform3D(1, 0, 0, 0, 1, 0, 0, 0, 1, -20.738, -14.2432, -18.8661)
use_collision = true
size = Vector3(5, 28.7567, 5)
script = ExtResource("2_7aqp6")
upper_position = Vector3(-20.738, 0, -18.866)
lower_position = Vector3(-20.738, -14.243, -18.866)
button_area = NodePath("../button csg/Area3D")
